image: first_floor.pgm
resolution: 0.100000
origin: [-10.000000, -28.900000, 0.000000]
negate: 0
occupied_thresh: 0.65
free_thresh: 0.196

